 ******************************************************************************
cos(x) - x*exp(x) = 0 

   k            a            b            m          f(m)            y
------------------------------------------------------------------------------
   1 |  0.000000000 |  1.000000000 |  0.500000000 |  0.053221926 |  0.053221926
   2 |  0.500000000 |  1.000000000 |  0.750000000 | -0.856061161 | -0.045561224
   3 |  0.500000000 |  0.750000000 |  0.625000000 | -0.356690615 | -0.018983761
   4 |  0.500000000 |  0.625000000 |  0.562500000 | -0.141293749 | -0.007519925
   5 |  0.500000000 |  0.562500000 |  0.531250000 | -0.041512210 | -0.002209360
   6 |  0.500000000 |  0.531250000 |  0.515625000 |  0.006475341 |  0.000344630
   7 |  0.515625000 |  0.531250000 |  0.523437500 | -0.017362025 | -0.000112425
   8 |  0.515625000 |  0.523437500 |  0.519531250 | -0.005404402 | -0.000034995
   9 |  0.515625000 |  0.519531250 |  0.517578125 |  0.000545184 |  0.000003530
  10 |  0.517578125 |  0.519531250 |  0.518554688 | -0.002427178 | -0.000001323
  11 |  0.517578125 |  0.518554688 |  0.518066406 | -0.000940389 | -0.000000513
  12 |  0.517578125 |  0.518066406 |  0.517822266 | -0.000197450 | -0.000000108
  13 |  0.517578125 |  0.517822266 |  0.517700195 |  0.000173905 |  0.000000095
  14 |  0.517700195 |  0.517822266 |  0.517761230 | -0.000011763 | -0.000000002
  15 |  0.517700195 |  0.517761230 |  0.517730713 |  0.000081073 |  0.000000014
  16 |  0.517730713 |  0.517761230 |  0.517745972 |  0.000034656 |  0.000000003
  17 |  0.517745972 |  0.517761230 |  0.517753601 |  0.000011446 |  0.000000000
  18 |  0.517753601 |  0.517761230 |  0.517757416 | -0.000000158 | -0.000000000
 Converging and number of iterations by method are 18
 n>= 19.931569
 Root is  0.517755508
******************************************************************************

******************************************************************************
x*log10(x) - 1.2 = 0 

   k            a            b            m          f(m)            y
------------------------------------------------------------------------------
   1 |  2.000000000 |  3.000000000 |  2.500000000 | -0.205149978 |  0.122667387
   2 |  2.500000000 |  3.000000000 |  2.750000000 |  0.008164908 | -0.001675031
   3 |  2.500000000 |  2.750000000 |  2.625000000 | -0.099785566 |  0.020471007
   4 |  2.625000000 |  2.750000000 |  2.687500000 | -0.046125978 |  0.004602707
   5 |  2.687500000 |  2.750000000 |  2.718750000 | -0.019058535 |  0.000879094
   6 |  2.718750000 |  2.750000000 |  2.734375000 | -0.005466202 |  0.000104178
   7 |  2.734375000 |  2.750000000 |  2.742187500 |  0.001344520 | -0.000007349
   8 |  2.734375000 |  2.742187500 |  2.738281250 | -0.002062051 |  0.000011272
   9 |  2.738281250 |  2.742187500 |  2.740234375 | -0.000359068 |  0.000000740
  10 |  2.740234375 |  2.742187500 |  2.741210938 |  0.000492650 | -0.000000177
  11 |  2.740234375 |  2.741210938 |  2.740722656 |  0.000066772 | -0.000000024
  12 |  2.740234375 |  2.740722656 |  2.740478516 | -0.000146153 |  0.000000052
  13 |  2.740478516 |  2.740722656 |  2.740600586 | -0.000039691 |  0.000000006
  14 |  2.740600586 |  2.740722656 |  2.740661621 |  0.000013540 | -0.000000001
  15 |  2.740600586 |  2.740661621 |  2.740631104 | -0.000013076 |  0.000000001
  16 |  2.740631104 |  2.740661621 |  2.740646362 |  0.000000232 | -0.000000000
  17 |  2.740631104 |  2.740646362 |  2.740638733 | -0.000006422 |  0.000000000
  18 |  2.740638733 |  2.740646362 |  2.740642548 | -0.000003095 |  0.000000000
  19 |  2.740642548 |  2.740646362 |  2.740644455 | -0.000001431 |  0.000000000
  20 |  2.740644455 |  2.740646362 |  2.740645409 | -0.000000599 |  0.000000000
  21 |  2.740645409 |  2.740646362 |  2.740645885 | -0.000000184 |  0.000000000
  22 |  2.740645885 |  2.740646362 |  2.740646124 |  0.000000024 | -0.000000000
 Converging and number of iterations by method are 22
 n>= 23.253497
 Root is  2.740646005
******************************************************************************


******************************************************************************
x - e^(-x) = 0 

   k            a            b            m          f(m)            y
------------------------------------------------------------------------------
   1 |  0.000000000 |  1.000000000 |  0.500000000 | -0.106530659 |  0.106530659
   2 |  0.500000000 |  1.000000000 |  0.750000000 |  0.277633458 | -0.029576475
   3 |  0.500000000 |  0.750000000 |  0.625000000 |  0.089738570 | -0.009559909
   4 |  0.500000000 |  0.625000000 |  0.562500000 | -0.007282825 |  0.000775844
   5 |  0.562500000 |  0.625000000 |  0.593750000 |  0.041497551 | -0.000302219
   6 |  0.562500000 |  0.593750000 |  0.578125000 |  0.017175838 | -0.000125089
   7 |  0.562500000 |  0.578125000 |  0.570312500 |  0.004963760 | -0.000036150
   8 |  0.562500000 |  0.570312500 |  0.566406250 | -0.001155202 |  0.000008413
   9 |  0.566406250 |  0.570312500 |  0.568359375 |  0.001905360 | -0.000002201
  10 |  0.566406250 |  0.568359375 |  0.567382812 |  0.000375349 | -0.000000434
  11 |  0.566406250 |  0.567382812 |  0.566894531 | -0.000389859 |  0.000000450
  12 |  0.566894531 |  0.567382812 |  0.567138672 | -0.000007238 |  0.000000003
  13 |  0.567138672 |  0.567382812 |  0.567260742 |  0.000184060 | -0.000000001
  14 |  0.567138672 |  0.567260742 |  0.567199707 |  0.000088412 | -0.000000001
  15 |  0.567138672 |  0.567199707 |  0.567169189 |  0.000040587 | -0.000000000
  16 |  0.567138672 |  0.567169189 |  0.567153931 |  0.000016675 | -0.000000000
  17 |  0.567138672 |  0.567153931 |  0.567146301 |  0.000004718 | -0.000000000
  18 |  0.567138672 |  0.567146301 |  0.567142487 | -0.000001260 |  0.000000000
  19 |  0.567142487 |  0.567146301 |  0.567144394 |  0.000001729 | -0.000000000
  20 |  0.567142487 |  0.567144394 |  0.567143440 |  0.000000235 | -0.000000000
 Converging and number of iterations by method are 20
 n>= 19.931569
 Root is  0.567142963
******************************************************************************

******************************************************************************
x^4 - x - 10 = 0 

   k            a            b            m          f(m)            y
------------------------------------------------------------------------------
   1 |  1.000000000 |  2.000000000 |  1.500000000 | -6.437500000 | 64.375000000
   2 |  1.500000000 |  2.000000000 |  1.750000000 | -2.371093750 | 15.263916016
   3 |  1.750000000 |  2.000000000 |  1.875000000 |  0.484619141 | -1.149077415
   4 |  1.750000000 |  1.875000000 |  1.812500000 | -1.020248413 |  2.419104576
   5 |  1.812500000 |  1.875000000 |  1.843750000 | -0.287734032 |  0.293560177
   6 |  1.843750000 |  1.875000000 |  1.859375000 |  0.093378067 | -0.026868047
   7 |  1.843750000 |  1.859375000 |  1.851562500 | -0.098433495 |  0.028322667
   8 |  1.851562500 |  1.859375000 |  1.855468750 | -0.002842903 |  0.000279837
   9 |  1.855468750 |  1.859375000 |  1.857421875 |  0.045188904 | -0.000128468
  10 |  1.855468750 |  1.857421875 |  1.856445312 |  0.021153450 | -0.000060137
  11 |  1.855468750 |  1.856445312 |  1.855957031 |  0.009149551 | -0.000026011
  12 |  1.855468750 |  1.855957031 |  1.855712891 |  0.003151894 | -0.000008961
  13 |  1.855468750 |  1.855712891 |  1.855590820 |  0.000154495 | -0.000000439
  14 |  1.855468750 |  1.855590820 |  1.855529785 | -0.001344681 |  0.000003823
  15 |  1.855529785 |  1.855590820 |  1.855560303 | -0.000595093 |  0.000000800
  16 |  1.855560303 |  1.855590820 |  1.855575562 | -0.000220299 |  0.000000131
  17 |  1.855575562 |  1.855590820 |  1.855583191 | -0.000033379 |  0.000000007
  18 |  1.855583191 |  1.855590820 |  1.855587006 |  0.000061035 | -0.000000002
  19 |  1.855583191 |  1.855587006 |  1.855585098 |  0.000014305 | -0.000000000
  20 |  1.855583191 |  1.855585098 |  1.855584145 | -0.000009537 |  0.000000000
  21 |  1.855584145 |  1.855585098 |  1.855584621 |  0.000003815 | -0.000000000
  22 |  1.855584145 |  1.855584621 |  1.855584383 | -0.000003815 |  0.000000000
  23 |  1.855584383 |  1.855584621 |  1.855584502 |  0.000000000 | -0.000000000
 Converging and number of iterations by method are 23
 n>= 19.931569
 Root is  1.855584562
******************************************************************************

******************************************************************************
x - (1/5)*exp(x) = 0 

   k            a            b            m          f(m)            y
------------------------------------------------------------------------------
   1 |  0.000000000 |  1.000000000 |  0.500000000 |  0.170255750 | -0.034051150
   2 |  0.000000000 |  0.500000000 |  0.250000000 | -0.006805083 |  0.001361017
   3 |  0.250000000 |  0.500000000 |  0.375000000 |  0.084001720 | -0.000571639
   4 |  0.250000000 |  0.375000000 |  0.312500000 |  0.039132413 | -0.000266299
   5 |  0.250000000 |  0.312500000 |  0.281250000 |  0.016293049 | -0.000110876
   6 |  0.250000000 |  0.281250000 |  0.265625000 |  0.004775825 | -0.000032500
   7 |  0.250000000 |  0.265625000 |  0.257812500 | -0.001006731 |  0.000006851
   8 |  0.257812500 |  0.265625000 |  0.261718750 |  0.001886530 | -0.000001899
   9 |  0.257812500 |  0.261718750 |  0.259765625 |  0.000440394 | -0.000000443
  10 |  0.257812500 |  0.259765625 |  0.258789062 | -0.000283045 |  0.000000285
  11 |  0.258789062 |  0.259765625 |  0.259277344 |  0.000078706 | -0.000000022
  12 |  0.258789062 |  0.259277344 |  0.259033203 | -0.000102162 |  0.000000029
  13 |  0.259033203 |  0.259277344 |  0.259155273 | -0.000011726 |  0.000000001
  14 |  0.259155273 |  0.259277344 |  0.259216309 |  0.000033490 | -0.000000000
  15 |  0.259155273 |  0.259216309 |  0.259185791 |  0.000010882 | -0.000000000
  16 |  0.259155273 |  0.259185791 |  0.259170532 | -0.000000422 |  0.000000000
 Converging and number of iterations by method are 16
 n>= 19.931569
 Root is  0.259178162
******************************************************************************

******************************************************************************
x^3 - 4*x + 9 = 0 

   k            a            b            m          f(m)            y
------------------------------------------------------------------------------
   1 | -3.000000000 | -2.000000000 | -2.500000000 |  3.375000000 | -20.250000000
   2 | -3.000000000 | -2.500000000 | -2.750000000 | -0.796875000 |  4.781250000
   3 | -2.750000000 | -2.500000000 | -2.625000000 |  1.412109375 | -1.125274658
   4 | -2.750000000 | -2.625000000 | -2.687500000 |  0.339111328 | -0.270229340
   5 | -2.750000000 | -2.687500000 | -2.718750000 | -0.220916748 |  0.176043034
   6 | -2.718750000 | -2.687500000 | -2.703125000 |  0.061077118 | -0.013492959
   7 | -2.718750000 | -2.703125000 | -2.710937500 | -0.079423904 |  0.017546071
   8 | -2.710937500 | -2.703125000 | -2.707031250 | -0.009048462 |  0.000718664
   9 | -2.707031250 | -2.703125000 | -2.705078125 |  0.026044846 | -0.000235666
  10 | -2.707031250 | -2.705078125 | -2.706054688 |  0.008504868 | -0.000076956
  11 | -2.707031250 | -2.706054688 | -2.706542969 | -0.000268936 |  0.000002433
  12 | -2.706542969 | -2.706054688 | -2.706298828 |  0.004117966 | -0.000001107
  13 | -2.706542969 | -2.706298828 | -2.706420898 |  0.001924515 | -0.000000518
  14 | -2.706542969 | -2.706420898 | -2.706481934 |  0.000825882 | -0.000000222
  15 | -2.706542969 | -2.706481934 | -2.706512451 |  0.000278473 | -0.000000075
  16 | -2.706542969 | -2.706512451 | -2.706527710 |  0.000003815 | -0.000000001
  17 | -2.706542969 | -2.706527710 | -2.706535339 | -0.000133514 |  0.000000036
  18 | -2.706535339 | -2.706527710 | -2.706531525 | -0.000064850 |  0.000000009
  19 | -2.706531525 | -2.706527710 | -2.706529617 | -0.000030518 |  0.000000002
  20 | -2.706529617 | -2.706527710 | -2.706528664 | -0.000013351 |  0.000000000
  21 | -2.706528664 | -2.706527710 | -2.706528187 | -0.000003815 |  0.000000000
  22 | -2.706528187 | -2.706527710 | -2.706527948 |  0.000000954 | -0.000000000
 Converging and number of iterations by method are 22
 n>= 19.931569
 Root is -2.706528068
******************************************************************************

******************************************************************************
x*sin(x) - 1 = 0 

   k            a            b            m          f(m)            y
------------------------------------------------------------------------------
   1 |  1.000000000 |  2.000000000 |  1.500000000 |  0.496242493 | -0.078668833
   2 |  1.000000000 |  1.500000000 |  1.250000000 |  0.186230779 | -0.029522981
   3 |  1.000000000 |  1.250000000 |  1.125000000 |  0.015051044 | -0.002386027
   4 |  1.000000000 |  1.125000000 |  1.062500000 | -0.071826629 |  0.011386605
   5 |  1.062500000 |  1.125000000 |  1.093750000 | -0.028361723 |  0.002037127
   6 |  1.093750000 |  1.125000000 |  1.109375000 | -0.006642775 |  0.000188401
   7 |  1.109375000 |  1.125000000 |  1.117187500 |  0.004208034 | -0.000027953
   8 |  1.109375000 |  1.117187500 |  1.113281250 | -0.001216490 |  0.000008081
   9 |  1.113281250 |  1.117187500 |  1.115234375 |  0.001496004 | -0.000001820
  10 |  1.113281250 |  1.115234375 |  1.114257812 |  0.000139813 | -0.000000170
  11 |  1.113281250 |  1.114257812 |  1.113769531 | -0.000538325 |  0.000000655
  12 |  1.113769531 |  1.114257812 |  1.114013672 | -0.000199252 |  0.000000107
  13 |  1.114013672 |  1.114257812 |  1.114135742 | -0.000029719 |  0.000000006
  14 |  1.114135742 |  1.114257812 |  1.114196777 |  0.000055047 | -0.000000002
  15 |  1.114135742 |  1.114196777 |  1.114166260 |  0.000012664 | -0.000000000
  16 |  1.114135742 |  1.114166260 |  1.114151001 | -0.000008527 |  0.000000000
  17 |  1.114151001 |  1.114166260 |  1.114158630 |  0.000002069 | -0.000000000
  18 |  1.114151001 |  1.114158630 |  1.114154816 | -0.000003229 |  0.000000000
  19 |  1.114154816 |  1.114158630 |  1.114156723 | -0.000000580 |  0.000000000
 Converging and number of iterations by method are 19
 n>= 19.931569
 Root is  1.114157677
******************************************************************************

******************************************************************************
cos(x) - 3*x + 1 = 0 

   k            a            b            m          f(m)            y
------------------------------------------------------------------------------
   1 |  0.000000000 |  1.000000000 |  0.500000000 |  0.377582550 |  0.755165100
   2 |  0.500000000 |  1.000000000 |  0.750000000 | -0.518311143 | -0.195705250
   3 |  0.500000000 |  0.750000000 |  0.625000000 | -0.064036883 | -0.024179209
   4 |  0.500000000 |  0.625000000 |  0.562500000 |  0.158424497 |  0.059818324
   5 |  0.562500000 |  0.625000000 |  0.593750000 |  0.047598489 |  0.007540767
   6 |  0.593750000 |  0.625000000 |  0.609375000 | -0.008119100 | -0.000386457
   7 |  0.593750000 |  0.609375000 |  0.601562500 |  0.019764854 |  0.000940777
   8 |  0.601562500 |  0.609375000 |  0.605468750 |  0.005829150 |  0.000115212
   9 |  0.605468750 |  0.609375000 |  0.607421875 | -0.001143409 | -0.000006665
  10 |  0.605468750 |  0.607421875 |  0.606445312 |  0.002343262 |  0.000013659
  11 |  0.606445312 |  0.607421875 |  0.606933594 |  0.000600025 |  0.000001406
  12 |  0.606933594 |  0.607421875 |  0.607177734 | -0.000271668 | -0.000000163
  13 |  0.606933594 |  0.607177734 |  0.607055664 |  0.000164185 |  0.000000099
  14 |  0.607055664 |  0.607177734 |  0.607116699 | -0.000053740 | -0.000000009
  15 |  0.607055664 |  0.607116699 |  0.607086182 |  0.000055223 |  0.000000009
  16 |  0.607086182 |  0.607116699 |  0.607101440 |  0.000000741 |  0.000000000
 Converging and number of iterations by method are 16
 n>= 19.931569
 Root is  0.607109070
******************************************************************************

******************************************************************************
3*x + sin(x) - exp(x) = 0 

   k            a            b            m          f(m)            y
------------------------------------------------------------------------------
   1 |  0.000000000 |  1.000000000 |  0.500000000 |  0.330704272 | -0.330704272
   2 |  0.000000000 |  0.500000000 |  0.250000000 | -0.286621451 |  0.286621451
   3 |  0.250000000 |  0.500000000 |  0.375000000 |  0.036281116 | -0.010398946
   4 |  0.250000000 |  0.375000000 |  0.312500000 | -0.121899426 |  0.034938991
   5 |  0.312500000 |  0.375000000 |  0.343750000 | -0.041955967 |  0.005114408
   6 |  0.343750000 |  0.375000000 |  0.359375000 | -0.002619635 |  0.000109909
   7 |  0.359375000 |  0.375000000 |  0.367187500 |  0.016885754 | -0.000044235
   8 |  0.359375000 |  0.367187500 |  0.363281250 |  0.007146742 | -0.000018722
   9 |  0.359375000 |  0.363281250 |  0.361328125 |  0.002266965 | -0.000005939
  10 |  0.359375000 |  0.361328125 |  0.360351562 | -0.000175483 |  0.000000460
  11 |  0.360351562 |  0.361328125 |  0.360839844 |  0.001045954 | -0.000000184
  12 |  0.360351562 |  0.360839844 |  0.360595703 |  0.000435289 | -0.000000076
  13 |  0.360351562 |  0.360595703 |  0.360473633 |  0.000129916 | -0.000000023
  14 |  0.360351562 |  0.360473633 |  0.360412598 | -0.000022780 |  0.000000004
  15 |  0.360412598 |  0.360473633 |  0.360443115 |  0.000053569 | -0.000000001
  16 |  0.360412598 |  0.360443115 |  0.360427856 |  0.000015395 | -0.000000000
  17 |  0.360412598 |  0.360427856 |  0.360420227 | -0.000003692 |  0.000000000
  18 |  0.360420227 |  0.360427856 |  0.360424042 |  0.000005851 | -0.000000000
  19 |  0.360420227 |  0.360424042 |  0.360422134 |  0.000001079 | -0.000000000
  20 |  0.360420227 |  0.360422134 |  0.360421181 | -0.000001307 |  0.000000000
  21 |  0.360421181 |  0.360422134 |  0.360421658 | -0.000000114 |  0.000000000
 Converging and number of iterations by method are 21
 n>= 19.931569
 Root is  0.360421896
******************************************************************************

******************************************************************************
x^3 - x^2 - x - 1 = 0 

   k            a            b            m          f(m)            y
------------------------------------------------------------------------------
   1 |  1.000000000 |  2.000000000 |  1.500000000 | -1.375000000 |  2.750000000
   2 |  1.500000000 |  2.000000000 |  1.750000000 | -0.453125000 |  0.623046875
   3 |  1.750000000 |  2.000000000 |  1.875000000 |  0.201171875 | -0.091156006
   4 |  1.750000000 |  1.875000000 |  1.812500000 | -0.143310547 |  0.064937592
   5 |  1.812500000 |  1.875000000 |  1.843750000 |  0.024505615 | -0.003511913
   6 |  1.812500000 |  1.843750000 |  1.828125000 | -0.060497284 |  0.008669899
   7 |  1.828125000 |  1.843750000 |  1.835937500 | -0.018270969 |  0.001105344
   8 |  1.835937500 |  1.843750000 |  1.839843750 |  0.003048420 | -0.000055698
   9 |  1.835937500 |  1.839843750 |  1.837890625 | -0.007628441 |  0.000139379
  10 |  1.837890625 |  1.839843750 |  1.838867188 | -0.002294540 |  0.000017504
  11 |  1.838867188 |  1.839843750 |  1.839355469 |  0.000375986 | -0.000000863
  12 |  1.838867188 |  1.839355469 |  1.839111328 | -0.000959396 |  0.000002201
  13 |  1.839111328 |  1.839355469 |  1.839233398 | -0.000291824 |  0.000000280
  14 |  1.839233398 |  1.839355469 |  1.839294434 |  0.000041723 | -0.000000012
  15 |  1.839233398 |  1.839294434 |  1.839263916 | -0.000124931 |  0.000000036
  16 |  1.839263916 |  1.839294434 |  1.839279175 | -0.000041485 |  0.000000005
  17 |  1.839279175 |  1.839294434 |  1.839286804 |  0.000000477 | -0.000000000
 Converging and number of iterations by method are 17
 n>= 19.931569
 Root is  1.839282990
******************************************************************************

